11.336355 1.3795403095038354
14.31343 1.9397271034932906
18.019555 2.8125418647409126
22.685205 4.0573062417742385
28.559015 5.947063330720583
35.953649999999996 8.711873428951874
45.263 12.334774349042386
56.98274 17.19158631868047
71.737075 23.68310196341138
90.31156 32.05588905285658
113.6953 41.87096782333239
143.1343 53.399512818381105
180.19555 66.25304183149429
226.85205000000002 80.70898593739702
285.59015 95.60036785218429
359.5365 110.25014628970676
452.63 122.06627248740574
569.8274 127.73154808455494
717.37075 128.14041464764333
903.1156000000001 121.29094155001454
1136.953 105.43665265531097
1431.3429999999998 79.18503257512894
1801.9555 49.128201889610274
2268.5205 26.633457297288427
2855.9015 10.408108463502158
3595.365 2.4859616198582613
4526.3 0.1466898370877195
5698.274 0.0
