11.336355 2.3960151270567662
14.31343 3.381461223479105
18.019555 4.894832354612828
22.685205 6.97949077638055
28.559015 10.002287974450105
35.953649999999996 14.807665056582927
45.263 21.238589735485082
56.98274 29.870677335962586
71.737075 41.47670764313442
90.31156 56.523146820474956
113.6953 73.71178448431682
143.1343 93.75872606546909
180.19555 114.08511292595942
226.85205000000002 135.02730069586158
285.59015 154.02855855881802
359.5365 168.05146469369126
452.63 178.82401825670178
569.8274 175.29291805058384
717.37075 168.24231923036032
903.1156000000001 176.6479548082307
1136.953 178.90508190711063
1431.3429999999998 177.53996217863534
1801.9555 163.51999152537968
2268.5205 128.655324563111
2855.9015 82.25269354397993
3595.365 34.09712200718245
4526.3 9.146022821529296
5698.274 0.49214183543530343
