11.336355 4.312304279889516
14.31343 6.309710494275537
18.019555 9.288209249694512
22.685205 13.761260850006131
28.559015 20.546901702688142
35.953649999999996 30.54274728286211
45.263 44.09787367113371
56.98274 61.44398189297259
71.737075 84.63046857135116
90.31156 113.88965495714747
113.6953 147.97668888847042
143.1343 189.1708092761728
180.19555 236.88323630356948
226.85205000000002 288.069916405087
285.59015 342.15478015880745
359.5365 389.584484625892
452.63 430.0646916415459
569.8274 465.2197848277628
717.37075 488.6108293072542
903.1156000000001 478.6922905975036
1136.953 464.7093404774947
1431.3429999999998 436.7678940984453
1801.9555 380.6530661212486
2268.5205 309.7620548691346
2855.9015 220.09920784053156
3595.365 106.16997514337183
4526.3 20.636342856760674
5698.274 0.8585271243912691
