11.336355 3.027042615389511
14.31343 4.398045732165952
18.019555 6.593931721861265
22.685205 9.840538968941004
28.559015 14.920673195778182
35.953649999999996 22.54928535286278
45.263 32.664315934086176
56.98274 46.08940723562603
71.737075 63.63386008173952
90.31156 86.67651013701702
113.6953 114.2293771830009
143.1343 148.10953908202058
180.19555 188.70680847274718
226.85205000000002 234.4305474307207
285.59015 283.10673794895115
359.5365 331.2904289183391
452.63 378.0792748433364
569.8274 425.4855781015873
717.37075 469.52627987377656
903.1156000000001 428.0874767663752
1136.953 368.29441139985715
1431.3429999999998 290.5181644885154
1801.9555 185.28657244574742
2268.5205 105.11357525969014
2855.9015 52.78177499474511
3595.365 16.49776350911392
4526.3 1.4012303758269686
5698.274 0.02305973224209766
