11.336355 0.0007080708404880885
14.31343 0.0013602688503118218
18.019555 0.0025687639689611222
22.685205 0.004688443250540532
28.559015 0.008399640209043399
35.953649999999996 0.01455917513971541
45.263 0.02473919137780136
56.98274 0.039179369995948926
71.737075 0.06111392319470176
90.31156 0.09387411149763762
113.6953 0.13243503805564097
143.1343 0.21345821337769402
180.19555 0.3400368984005725
226.85205000000002 0.757247317463963
285.59015 1.2131638277977561
359.5365 2.2610732294456004
452.63 2.1389729582209283
569.8274 2.661571523701647
717.37075 3.8313276215760257
903.1156000000001 2.956070147420242
1136.953 3.69814868483599
1431.3429999999998 5.121368412798721
1801.9555 6.411605760355263
2268.5205 6.117406428747934
2855.9015 3.75313140361402
3595.365 0.8289798749673936
4526.3 0.022123745354083502
5698.274 0.0
