11.336355 0.03099113782562456
14.31343 0.056575950982015816
18.019555 0.09755952635828165
22.685205 0.18156570744642708
28.559015 0.2994576651192499
35.953649999999996 0.5595148459117053
45.263 1.0229652190950937
56.98274 1.694947752979445
71.737075 2.936143943763453
90.31156 5.081980966574297
113.6953 8.462383195438711
143.1343 13.940387005808226
180.19555 21.949414633973966
226.85205000000002 32.07759072592478
285.59015 43.001046902011254
359.5365 53.34285867968405
452.63 60.456072345528106
569.8274 62.59593010058659
717.37075 81.37552098571894
903.1156000000001 102.5462847817966
1136.953 123.63537765323684
1431.3429999999998 137.50280265250447
1801.9555 141.14792142022077
2268.5205 119.21897906046689
2855.9015 80.93097585627207
3595.365 37.14064948962504
4526.3 9.596733326444186
5698.274 0.540421318337961
