11.336355 0.00029572396124918004
14.31343 0.0005437895629207186
18.019555 0.0012649980558856817
22.685205 0.002156330126776231
28.559015 0.004940030510566323
35.953649999999996 0.010499475182657604
45.263 0.018112992165825435
56.98274 0.034793720872758435
71.737075 0.06153205334720747
90.31156 0.154703506596572
113.6953 0.26420648888555986
143.1343 0.41913023113569897
180.19555 0.4629083920344817
226.85205000000002 0.6989093640284023
285.59015 0.8827231832242654
359.5365 0.9107200860031337
452.63 1.1000700190702453
569.8274 1.1595638234200962
717.37075 1.2668269359937543
903.1156000000001 1.383367746933616
1136.953 1.4052066848290203
1431.3429999999998 1.0830866546112001
1801.9555 0.3631060026424483
2268.5205 0.02611052455445095
2855.9015 0.0
3595.365 0.0
4526.3 0.0
5698.274 0.0
