11.336355 2.4910506977726943
14.31343 3.7741795620297323
18.019555 5.97557009745811
22.685205 9.239125509173089
28.559015 14.466438946325628
35.953649 21.979394589088514
45.263 32.25211058549742
56.98274 45.739352653099665
71.737075 63.57333265213837
90.31156 86.30384371076362
113.6953 113.39698247703204
143.1343 145.812043598675
180.19555 183.94247950981637
226.85205 225.55605045131367
285.59015 266.4888604385611
359.5365 306.5187727728743
452.63 341.34676686791875
569.8274 371.8595043077627
717.37075 391.9071824851092
903.11560 387.5886393318894
1136.953 378.9663895729399
1431.3429 358.78557486473267
1801.9555 312.92673657868806
2268.5205 257.4989794809653
2855.9015 183.76461591075875
3595.365 87.771194765286
4526.3 16.92513840090629
5698.274 0.6331525310193542
