11.336355 0.023416458531311423
14.31343 0.03952066196769375
18.019555 0.06832937624177178
22.685205 0.12522033227537852
28.559015 0.20820731757453179
35.953649999999996 0.37926936522767457
45.263 0.6905149295907081
56.98274 1.1905518061947271
71.737075 2.062615225772937
90.31156 3.5687431146445348
113.6953 6.108457878048082
143.1343 10.274671106502396
180.19555 16.54274283277051
226.85205000000002 25.087864086392404
285.59015 35.00981932476616
359.5365 45.588641366560225
452.63 54.53892340837667
569.8274 61.023535743703896
717.37075 64.42750335138436
903.1156000000001 65.2525092137543
1136.953 63.74280748522589
1431.3429999999998 60.221647775233734
1801.9555 54.626927692627206
2268.5205 42.570999408979745
2855.9015 27.019539174953522
3595.365 11.87323814698479
4526.3 2.9723740051903134
5698.274 0.17729008517381872
