11.336355 0.07399650949365466
14.31343 0.11195172855883584
18.019555 0.2066192240780445
22.685205 0.34971895168076733
28.559015 0.6186369219804407
35.953649999999996 1.095036019571858
45.263 1.9056961377874233
56.98274 3.0805911283747935
71.737075 4.994219472735803
90.31156 8.172673551445467
113.6953 13.322072599795183
143.1343 20.371928205127986
180.19555 31.35642872229821
226.85205000000002 44.89130132564503
285.59015 60.727976386967796
359.5365 78.42860190837209
452.63 96.4347797018875
569.8274 115.01745315631983
717.37075 161.6383911145156
903.1156000000001 230.4547267392258
1136.953 321.41385284606577
1431.3429999999998 438.4057378540821
1801.9555 548.1792045052614
2268.5205 596.1397662023315
2855.9015 504.2386347314448
3595.365 275.0255019503002
4526.3 54.39513307982943
5698.274 0.8382433330666732
