11.336355 0.0349047210856277
14.31343 0.054419241070573963
18.019555 0.11153431923260039
22.685205 0.15018790997184486
28.559015 0.2592112879168532
35.953649999999996 0.505627471820124
45.263 0.8296672306043416
56.98274 1.422639920924146
71.737075 2.4138924087323805
90.31156 3.96676642113412
113.6953 6.559097837815507
143.1343 10.500121824146168
180.19555 16.95502051501763
226.85205000000002 26.198101052206745
285.59015 39.50748050530737
359.5365 57.14228627232342
452.63 73.11548531420907
569.8274 84.33157449930876
717.37075 88.03327525974078
903.1156000000001 79.86865230358433
1136.953 68.41508405058075
1431.3429999999998 53.83027396940608
1801.9555 35.88012781776292
2268.5205 20.480974833366215
2855.9015 8.694301480933927
3595.365 2.5494861792402648
4526.3 0.22997867850016201
5698.274 4.07455554372923e-05
