11.336355 1.942443773558231
14.31343 2.775672334224623
18.019555 4.03130757973354
22.685205 5.799600580057986
28.559015 8.4816977610957
35.953649999999996 12.34781689480423
45.263 17.431806027396387
56.98274 24.139332948915
71.737075 33.03102192718147
90.31156 44.26990540673871
113.6953 57.388196817566254
143.1343 72.46897590033268
180.19555 89.42393737480981
226.85205000000002 107.26638698186223
285.59015 124.8748860446982
359.5365 140.32001853875144
452.63 152.59779398074318
569.8274 157.4067349336284
717.37075 156.80109325337307
903.1156000000001 149.89475940354563
1136.953 136.43951549522964
1431.3429999999998 115.45861561703391
1801.9555 90.56507058561687
2268.5205 62.04955829778493
2855.9015 34.569092882041346
3595.365 13.173658389053617
4526.3 3.1823012760157035
5698.274 0.19721298297354653
