11.336355 5.358029869489166
14.31343 7.744985035337093
18.019555 11.284068028441693
22.685205 16.490832333956526
28.559015 23.826384467707182
35.953649999999996 35.96580033859964
45.263 52.14116112918663
56.98274 73.54001935338684
71.737075 102.32444764442488
90.31156 138.7404177243137
113.6953 180.1339633885884
143.1343 228.32946831998123
180.19555 283.1398216803186
226.85205000000002 336.2825370808815
285.59015 389.3317242412062
359.5365 432.71372672596283
452.63 479.7709815479129
569.8274 520.6721081341628
717.37075 535.7496044054903
903.1156000000001 505.6478946305693
1136.953 566.7943191716838
1431.3429999999998 645.1619587577106
1801.9555 707.5746253022829
2268.5205 691.4372815950596
2855.9015 553.9562999852969
3595.365 279.28147013729523
4526.3 50.558527893397674
5698.274 2.534725986201366
