11.336355 0.0014874214147704721
14.31343 0.002711820069970683
18.019555 0.005462057345544059
22.685205 0.009845129053854483
28.559015 0.017757588290368085
35.953649999999996 0.031155697151546192
45.263 0.05148210128665652
56.98274 0.08440481849313698
71.737075 0.1326233112987055
90.31156 0.2028182238313861
113.6953 0.3125718575064189
143.1343 0.46202920730960867
180.19555 0.7829927066924202
226.85205000000002 1.4976182665715037
285.59015 2.025976411479983
359.5365 3.8168252616099827
452.63 5.75885998008209
569.8274 6.862472260729755
717.37075 5.831102480315248
903.1156000000001 5.608235479132118
1136.953 8.119781297640094
1431.3429999999998 10.86723556979844
1801.9555 11.107536951611257
2268.5205 9.85799291815782
2855.9015 9.367438017037347
3595.365 4.615045597405183
4526.3 0.5312131544281316
5698.274 0.0
