11.336355 0.0001617035144573519
14.31343 0.000326263220247937
18.019555 0.00041723098876625945
22.685205 0.0010481458188839367
28.559015 0.0021833857580487157
35.953649999999996 0.0045826342732090035
45.263 0.006327906194725527
56.98274 0.019923357728168486
71.737075 0.03474148929179588
90.31156 0.05552968890479699
113.6953 0.09990568833810357
143.1343 0.19455645343118583
180.19555 0.2703805990238788
226.85205000000002 0.33567779786115465
285.59015 0.4099423943444385
359.5365 0.43852864863390956
452.63 0.4381960762186693
569.8274 0.5157182035386454
717.37075 0.6229721660507007
903.1156000000001 0.6353051008327146
1136.953 0.5825535503382194
1431.3429999999998 0.49970414748263564
1801.9555 0.3655338913864944
2268.5205 0.20175346382643838
2855.9015 0.044904836092213435
3595.365 0.0
4526.3 0.0
5698.274 0.0
