11.336355 0.0008026733934378644
14.31343 0.0016120585389158596
18.019555 0.00317803897320297
22.685205 0.005537220696413488
28.559015 0.010734567778726117
35.953649999999996 0.02001161072723467
45.263 0.03542600605024696
56.98274 0.05994622641801513
71.737075 0.09853356070875563
90.31156 0.1785039923343604
113.6953 0.2915623533483964
143.1343 0.4361062478957196
180.19555 0.6487723321271383
226.85205000000002 1.0673657076578367
285.59015 1.415426764474237
359.5365 1.9975703874648227
452.63 2.5969403493043406
569.8274 3.029322032068011
717.37075 2.8056230418587202
903.1156000000001 2.9059812060276182
1136.953 3.663774141556247
1431.3429999999998 4.21427163131356
1801.9555 3.859680069770825
2268.5205 3.1067121040758003
2855.9015 2.6218917015804206
3595.365 1.201725398618723
4526.3 0.13336686700534658
5698.274 0.0
