11.336355 0.018781354473164542
14.31343 0.028565769912650016
18.019555 0.04472665200381928
22.685205 0.07439763577787081
28.559015 0.12877631674748627
35.953649999999996 0.23046257886214475
45.263 0.43493540798849645
56.98274 0.7911037029823006
71.737075 1.3273944344250503
90.31156 2.351736723114302
113.6953 4.057223890812115
143.1343 7.0406805850978476
180.19555 11.49396187123277
226.85205000000002 18.060543127386808
285.59015 26.262144472193807
359.5365 36.79971791310115
452.63 48.204810969449895
569.8274 58.11027762396776
717.37075 54.5145754085136
903.1156000000001 45.81018553287275
1136.953 32.12800827168501
1431.3429999999998 20.8079854191929
1801.9555 13.188001193096872
2268.5205 7.248546119239184
2855.9015 2.815268926566802
3595.365 0.6635594115881991
4526.3 0.06243912885502892
5698.274 9.222773010740117e-06
