11.336355 0.05160870539876136
14.31343 0.08225547093619583
18.019555 0.14827470793354577
22.685205 0.24989933169998094
28.559015 0.44002892719179765
35.953649999999996 0.7795207777632404
45.263 1.3338092041083949
56.98274 2.2078880545489334
71.737075 3.6688251597263255
90.31156 6.003756114635654
113.6953 9.824353143064474
143.1343 15.556803538084061
180.19555 24.390320272758895
226.85205000000002 36.2698942257545
285.59015 50.96463140930994
359.5365 67.03968207423003
452.63 83.72034859713366
569.8274 100.04421305185343
717.37075 115.79656803966158
903.1156000000001 132.37224882255865
1136.953 150.97114045737626
1431.3429999999998 173.52477679082415
1801.9555 190.7855803389989
2268.5205 189.84441233400398
2855.9015 150.7197214733762
3595.365 78.33516392040497
4526.3 14.846391704687
5698.274 0.21890285310716415
