11.336355 0.009646210884191026
14.31343 0.01911383290114423
18.019555 0.037812131115308255
22.685205 0.0711120333540318
28.559015 0.13571689292967903
35.953649999999996 0.25953275255558417
45.263 0.47344080737891636
56.98274 0.8537044873921962
71.737075 1.5091304261687362
90.31156 2.662335851779808
113.6953 4.650568597851857
143.1343 7.906662455397843
180.19555 12.93535179637729
226.85205000000002 19.73661241671192
285.59015 27.891035575398107
359.5365 36.336901971910116
452.63 43.63385449303256
569.8274 48.903572714579184
717.37075 51.71669446910319
903.1156000000001 52.10473647425449
1136.953 51.48428524999206
1431.3429999999998 49.60215203361132
1801.9555 45.1271299769019
2268.5205 35.662372342783975
2855.9015 22.47823923485896
3595.365 9.993763956949739
4526.3 2.425151645309677
5698.274 0.16552505394980616
