11.336355 0.0004088558205367106
14.31343 0.0007886238069346795
18.019555 0.0014579847469410505
22.685205 0.0027449260336809495
28.559015 0.00522756959865408
35.953649999999996 0.009243042614967546
45.263 0.015500498991101945
56.98274 0.02949204238065883
71.737075 0.04794942904435072
90.31156 0.07853464813940966
113.6953 0.11990875776741176
143.1343 0.20532053619621837
180.19555 0.31566590856261517
226.85205000000002 0.4958781166924922
285.59015 0.7261405799537368
359.5365 1.0411798609230318
452.63 1.0411036141205001
569.8274 1.2365822539377027
717.37075 1.6025795991772622
903.1156000000001 1.501405949037992
1136.953 1.7889185998820045
1431.3429999999998 2.120865093093714
1801.9555 2.300977194536375
2268.5205 2.007295030721157
2855.9015 1.1501594952612544
3595.365 0.24823531411445646
4526.3 0.010764217726902807
5698.274 0.0
